Module Address Level Table:
====================================================================================================
                UB        B
                                           Lev0     Lev1     Lev2     Lev3
  TBM    -2000     2000      300
                                      2000        0        0        0   -18762
----------------------------------------------------------------------------------------------------
                UB        B
                                           Lev0     Lev1     Lev2     Lev3     Lev4     Lev5
 ROC0    -2000     2000      300
                                      2000    -3085      243    -3085      243    -3085      243
 ROC1    -2000     2000      300
                                      2000      243    -3085      243    -3085      243    -3085
 ROC2    -2000     2000      300
                                      2000    -3085      243    -3085      243        0        0
 ROC3    -2000     2000      300
                                      2000        0    31097      121    -3085      243    -3085
 ROC4    -2000     2000      300
                                      2000    15420       60        0        0        0        0
 ROC5    -2000     2000      300
                                      2000      243    -3085      243        0        0        0
 ROC6    -2000     2000      300
                                      2000    15420       60    -3085      243    -3085      243
 ROC7    -2000     2000      300
                                      2000       60        0        0        0        0    -3085
====================================================================================================
