Module Address Level Table:
====================================================================================================
                UB        B
                                           Lev0     Lev1     Lev2     Lev3
  TBM    -2000     2000      300
                                      2000        0        0        0     2000
----------------------------------------------------------------------------------------------------
                UB        B
                                           Lev0     Lev1     Lev2     Lev3     Lev4     Lev5
 ROC0    -2000     2000      300
                                      2000        0        0        0        0        0     2000
 ROC1    -2000     2000      300
                                      2000        0        0        0        0        0     2000
 ROC2    -2000     2000      300
                                      2000        0        0        0        0        0     2000
 ROC3    -2000     2000      300
                                      2000        0        0        0        0        0     2000
 ROC4    -2000     2000      300
                                      2000        0        0        0        0        0     2000
 ROC5    -2000     2000      300
                                      2000        0        0        0        0        0     2000
 ROC6    -2000     2000      300
                                      2000        0        0        0        0        0     2000
 ROC7    -2000     2000      300
                                      2000        0        0        0        0        0        0
====================================================================================================
